   4.0000000e+02   3.5000000e+02
   3.9910354e+02   3.4975666e+02
   3.9819644e+02   3.4952504e+02
   3.9729772e+02   3.4927827e+02
   3.9636755e+02   3.4910369e+02
   3.9544387e+02   3.4892400e+02
   3.9454000e+02   3.4870356e+02
   3.9363117e+02   3.4850478e+02
   3.9270545e+02   3.4832636e+02
   3.9180490e+02   3.4807861e+02
   3.9090685e+02   3.4784434e+02
   3.9002820e+02   3.4754020e+02
   3.8912080e+02   3.4731780e+02
   3.8821323e+02   3.4707113e+02
   3.8727431e+02   3.4690714e+02
   3.8636332e+02   3.4669341e+02
   3.8549216e+02   3.4635312e+02
   3.8457505e+02   3.4617759e+02
   3.8366157e+02   3.4598649e+02
   3.8276726e+02   3.4573100e+02
   3.8184641e+02   3.4556032e+02
   3.8093273e+02   3.4539385e+02
   3.8001892e+02   3.4518900e+02
   3.7908728e+02   3.4507150e+02
   3.7817810e+02   3.4485518e+02
   3.7727228e+02   3.4460493e+02
   3.7637585e+02   3.4437913e+02
   3.7549991e+02   3.4407418e+02
   3.7459891e+02   3.4386591e+02
   3.7371999e+02   3.4352760e+02
   3.7283129e+02   3.4324629e+02
   3.7194662e+02   3.4296692e+02
   3.7103472e+02   3.4279786e+02
   3.7016304e+02   3.4244328e+02
   3.6930816e+02   3.4203820e+02
   3.6841619e+02   3.4176024e+02
   3.6753110e+02   3.4146494e+02
   3.6663404e+02   3.4122146e+02
   3.6575026e+02   3.4093434e+02
   3.6483814e+02   3.4074514e+02
   3.6393712e+02   3.4050496e+02
   3.6305912e+02   3.4020412e+02
   3.6217840e+02   3.3992892e+02
   3.6131058e+02   3.3962053e+02
   3.6039327e+02   3.3943501e+02
   3.5947091e+02   3.3932843e+02
   3.5855987e+02   3.3916115e+02
   3.5762024e+02   3.3909922e+02
   3.5669805e+02   3.3893942e+02
   3.5576843e+02   3.3882014e+02
   3.5483537e+02   3.3879087e+02
   3.5391803e+02   3.3862800e+02
   3.5300144e+02   3.3850791e+02
   3.5207302e+02   3.3841366e+02
   3.5116585e+02   3.3824285e+02
   3.5025712e+02   3.3807946e+02
   3.4932216e+02   3.3808300e+02
   3.4841441e+02   3.3791619e+02
   3.4749556e+02   3.3778191e+02
   3.4662162e+02   3.3737323e+02
   3.4575420e+02   3.3694618e+02
   3.4481668e+02   3.3683626e+02
   3.4388987e+02   3.3670863e+02
   3.4298062e+02   3.3653508e+02
   3.4207248e+02   3.3637530e+02
   3.4117038e+02   3.3614528e+02
   3.4025011e+02   3.3598689e+02
   3.3929534e+02   3.3597887e+02
   3.3835976e+02   3.3594445e+02
   3.3742007e+02   3.3585769e+02
   3.3648714e+02   3.3582105e+02
   3.3555835e+02   3.3573147e+02
   3.3461685e+02   3.3576366e+02
   3.3368413e+02   3.3576204e+02
   3.3275770e+02   3.3567600e+02
   3.3183523e+02   3.3553108e+02
   3.3089722e+02   3.3551311e+02
   3.2998301e+02   3.3532661e+02
   3.2906283e+02   3.3522052e+02
   3.2813735e+02   3.3512236e+02
   3.2722151e+02   3.3500990e+02
   3.2630396e+02   3.3493618e+02
   3.2539218e+02   3.3473139e+02
   3.2449812e+02   3.3435700e+02
   3.2362041e+02   3.3402548e+02
   3.2269434e+02   3.3387526e+02
   3.2175754e+02   3.3383446e+02
   3.2084514e+02   3.3366681e+02
   3.1990809e+02   3.3367849e+02
   3.1898152e+02   3.3359923e+02
   3.1805585e+02   3.3354836e+02
   3.1713381e+02   3.3341886e+02
   3.1621657e+02   3.3327894e+02
   3.1529002e+02   3.3312440e+02
   3.1435582e+02   3.3314275e+02
   3.1342167e+02   3.3308853e+02
   3.1250125e+02   3.3293148e+02
   3.1159204e+02   3.3275578e+02
   3.1065403e+02   3.3279930e+02
   3.0973638e+02   3.3277828e+02
   3.0881591e+02   3.3285376e+02
   3.0787191e+02   3.3286906e+02
   3.0692998e+02   3.3289940e+02
   3.0600031e+02   3.3286503e+02
   3.0507955e+02   3.3283582e+02
   3.0414600e+02   3.3291900e+02
   3.0320455e+02   3.3294491e+02
   3.0227808e+02   3.3279706e+02
   3.0134869e+02   3.3279883e+02
   3.0042327e+02   3.3280358e+02
   2.9951488e+02   3.3257850e+02
   2.9858864e+02   3.3249774e+02
   2.9766152e+02   3.3244764e+02
   2.9674410e+02   3.3239763e+02
   2.9582872e+02   3.3230187e+02
   2.9490948e+02   3.3209679e+02
   2.9400623e+02   3.3188242e+02
   2.9311791e+02   3.3159793e+02
   2.9224495e+02   3.3115799e+02
   2.9132620e+02   3.3085617e+02
   2.9044045e+02   3.3049473e+02
   2.8953137e+02   3.3019666e+02
   2.8863811e+02   3.2988363e+02
   2.8772934e+02   3.2962600e+02
   2.8681824e+02   3.2944102e+02
   2.8596005e+02   3.2903271e+02
   2.8505939e+02   3.2874754e+02
   2.8413409e+02   3.2871536e+02
   2.8321048e+02   3.2861686e+02
   2.8231586e+02   3.2837500e+02
   2.8143794e+02   3.2814600e+02
   2.8048968e+02   3.2823971e+02
   2.7955741e+02   3.2828574e+02
   2.7863366e+02   3.2815507e+02
   2.7771603e+02   3.2799154e+02
   2.7680836e+02   3.2780886e+02
   2.7589120e+02   3.2775524e+02
   2.7500228e+02   3.2745128e+02
   2.7411509e+02   3.2719123e+02
   2.7322318e+02   3.2701315e+02
   2.7231176e+02   3.2690287e+02
   2.7141049e+02   3.2660195e+02
   2.7052955e+02   3.2635534e+02
   2.6964163e+02   3.2610446e+02
   2.6879576e+02   3.2579627e+02
   2.6786892e+02   3.2578158e+02
   2.6698491e+02   3.2557451e+02
   2.6609709e+02   3.2536757e+02
   2.6527366e+02   3.2494700e+02
   2.6435625e+02   3.2485434e+02
   2.6345492e+02   3.2469685e+02
   2.6257535e+02   3.2443671e+02
   2.6172250e+02   3.2402291e+02
   2.6088854e+02   3.2361241e+02
   2.6006502e+02   3.2315840e+02
   2.5924608e+02   3.2267842e+02
   2.5843000e+02   3.2223085e+02
   2.5756829e+02   3.2193649e+02
   2.5667130e+02   3.2175527e+02
   2.5580883e+02   3.2142911e+02
   2.5497312e+02   3.2101863e+02
   2.5405793e+02   3.2094595e+02
   2.5318696e+02   3.2061800e+02
   2.5230346e+02   3.2041358e+02
   2.5146044e+02   3.2006844e+02
   2.5066275e+02   3.1954359e+02
   2.4990673e+02   3.1897673e+02
   2.4907451e+02   3.1853070e+02
   2.4826020e+02   3.1805794e+02
   2.4744187e+02   3.1757551e+02
   2.4659606e+02   3.1716761e+02
   2.4578054e+02   3.1670736e+02
   2.4497251e+02   3.1625270e+02
   2.4411772e+02   3.1588296e+02
   2.4329280e+02   3.1544236e+02
   2.4244982e+02   3.1501186e+02
   2.4162112e+02   3.1459407e+02
   2.4081050e+02   3.1412667e+02
   2.3989815e+02   3.1386803e+02
   2.3903073e+02   3.1351473e+02
   2.3820538e+02   3.1308321e+02
   2.3743191e+02   3.1252155e+02
   2.3659231e+02   3.1212698e+02
   2.3579380e+02   3.1164120e+02
   2.3499048e+02   3.1116730e+02
   2.3417026e+02   3.1074469e+02
   2.3330867e+02   3.1039837e+02
   2.3243388e+02   3.1009751e+02
   2.3161909e+02   3.0963882e+02
   2.3084349e+02   3.0910768e+02
   2.2998708e+02   3.0875395e+02
   2.2915802e+02   3.0833420e+02
   2.2833470e+02   3.0791695e+02
   2.2753442e+02   3.0742397e+02
   2.2668169e+02   3.0703927e+02
   2.2583848e+02   3.0666261e+02
   2.2504327e+02   3.0619984e+02
   2.2417246e+02   3.0587729e+02
   2.2336552e+02   3.0541311e+02
   2.2249155e+02   3.0508700e+02
   2.2162938e+02   3.0474050e+02
   2.2082183e+02   3.0429328e+02
   2.2011236e+02   3.0365985e+02
   2.1935786e+02   3.0308686e+02
   2.1852885e+02   3.0269153e+02
   2.1774253e+02   3.0220153e+02
   2.1690361e+02   3.0180254e+02
   2.1606845e+02   3.0142726e+02
   2.1518182e+02   3.0115400e+02
   2.1432432e+02   3.0081832e+02
   2.1347082e+02   3.0047342e+02
   2.1269432e+02   2.9997298e+02
   2.1191356e+02   2.9943167e+02
   2.1118425e+02   2.9881394e+02
   2.1039559e+02   2.9831474e+02
   2.0963176e+02   2.9776834e+02
   2.0888307e+02   2.9718936e+02
   2.0809719e+02   2.9670003e+02
   2.0723646e+02   2.9636646e+02
   2.0635060e+02   2.9606080e+02
   2.0555513e+02   2.9557643e+02
   2.0474820e+02   2.9510660e+02
   2.0398516e+02   2.9457790e+02
   2.0314825e+02   2.9421933e+02
   2.0235744e+02   2.9374602e+02
   2.0152770e+02   2.9331300e+02
   2.0072514e+02   2.9287176e+02
   1.9995387e+02   2.9234477e+02
   1.9916080e+02   2.9186340e+02
   1.9844190e+02   2.9127794e+02
   1.9778379e+02   2.9060776e+02
   1.9705822e+02   2.8999250e+02
   1.9625169e+02   2.8955617e+02
   1.9543461e+02   2.8911496e+02
   1.9469447e+02   2.8856847e+02
   1.9387889e+02   2.8815661e+02
   1.9304153e+02   2.8780445e+02
   1.9224791e+02   2.8732891e+02
   1.9141685e+02   2.8693547e+02
   1.9062201e+02   2.8647202e+02
   1.8983808e+02   2.8601406e+02
   1.8910506e+02   2.8545879e+02
   1.8840880e+02   2.8483395e+02
   1.8756480e+02   2.8448112e+02
   1.8683664e+02   2.8391321e+02
   1.8609052e+02   2.8337903e+02
   1.8537892e+02   2.8277485e+02
   1.8451555e+02   2.8245619e+02
   1.8367103e+02   2.8207700e+02
   1.8284437e+02   2.8164517e+02
   1.8207753e+02   2.8111640e+02
   1.8130518e+02   2.8062627e+02
   1.8055632e+02   2.8008911e+02
   1.7976531e+02   2.7960199e+02
   1.7897039e+02   2.7912504e+02
   1.7834018e+02   2.7843776e+02
   1.7759045e+02   2.7789250e+02
   1.7688650e+02   2.7726850e+02
   1.7618144e+02   2.7664850e+02
   1.7550611e+02   2.7602938e+02
   1.7463980e+02   2.7572452e+02
   1.7387028e+02   2.7522671e+02
   1.7319015e+02   2.7461515e+02
   1.7246883e+02   2.7404437e+02
   1.7169323e+02   2.7352464e+02
   1.7099523e+02   2.7294747e+02
   1.7026225e+02   2.7240403e+02
   1.6956331e+02   2.7181175e+02
   1.6876095e+02   2.7135472e+02
   1.6804725e+02   2.7074336e+02
   1.6738737e+02   2.7008066e+02
   1.6671608e+02   2.6944123e+02
   1.6588744e+02   2.6905280e+02
   1.6518013e+02   2.6844713e+02
   1.6452757e+02   2.6779102e+02
   1.6390064e+02   2.6710460e+02
   1.6320727e+02   2.6647923e+02
   1.6256248e+02   2.6583235e+02
   1.6188336e+02   2.6519849e+02
   1.6116382e+02   2.6462647e+02
   1.6052225e+02   2.6395669e+02
   1.5977636e+02   2.6341894e+02
   1.5904777e+02   2.6287677e+02
   1.5836354e+02   2.6224535e+02
   1.5774046e+02   2.6155667e+02
   1.5708505e+02   2.6090629e+02
   1.5645613e+02   2.6022009e+02
   1.5584006e+02   2.5952306e+02
   1.5516524e+02   2.5890433e+02
   1.5437559e+02   2.5844488e+02
   1.5367821e+02   2.5784572e+02
   1.5299953e+02   2.5720535e+02
   1.5234736e+02   2.5653294e+02
   1.5160708e+02   2.5598593e+02
   1.5096459e+02   2.5533537e+02
   1.5026065e+02   2.5473478e+02
   1.4961464e+02   2.5405139e+02
   1.4892232e+02   2.5345997e+02
   1.4824296e+02   2.5285096e+02
   1.4757735e+02   2.5221300e+02
   1.4678171e+02   2.5175407e+02
   1.4609934e+02   2.5112634e+02
   1.4548671e+02   2.5044566e+02
   1.4486233e+02   2.4974049e+02
   1.4419918e+02   2.4910353e+02
   1.4369351e+02   2.4829451e+02
   1.4306392e+02   2.4760166e+02
   1.4244985e+02   2.4690138e+02
   1.4183906e+02   2.4619655e+02
   1.4119563e+02   2.4552336e+02
   1.4054075e+02   2.4489196e+02
   1.3990778e+02   2.4419724e+02
   1.3924916e+02   2.4354482e+02
   1.3860283e+02   2.4291552e+02
   1.3801167e+02   2.4221196e+02
   1.3737307e+02   2.4153922e+02
   1.3675338e+02   2.4085266e+02
   1.3607601e+02   2.4021601e+02
   1.3556673e+02   2.3941933e+02
   1.3489325e+02   2.3877155e+02
   1.3418162e+02   2.3819616e+02
   1.3354574e+02   2.3752114e+02
   1.3297710e+02   2.3678510e+02
   1.3231478e+02   2.3614759e+02
   1.3169454e+02   2.3544940e+02
   1.3108896e+02   2.3473496e+02
   1.3032873e+02   2.3423682e+02
   1.2964509e+02   2.3359173e+02
   1.2890664e+02   2.3308175e+02
   1.2826965e+02   2.3240152e+02
   1.2765815e+02   2.3171118e+02
   1.2696945e+02   2.3108349e+02
   1.2632175e+02   2.3044645e+02
   1.2568882e+02   2.2977412e+02
   1.2508120e+02   2.2906193e+02
   1.2442107e+02   2.2839701e+02
   1.2382909e+02   2.2766895e+02
   1.2318640e+02   2.2700699e+02
   1.2253528e+02   2.2636171e+02
   1.2191766e+02   2.2566896e+02
   1.2140878e+02   2.2489860e+02
   1.2087951e+02   2.2412770e+02
   1.2034752e+02   2.2335950e+02
   1.1971120e+02   2.2269780e+02
   1.1919308e+02   2.2194261e+02
   1.1863744e+02   2.2118033e+02
   1.1807609e+02   2.2044779e+02
   1.1743936e+02   2.1976021e+02
   1.1679347e+02   2.1911641e+02
   1.1624873e+02   2.1835939e+02
   1.1603290e+02   2.1741919e+02
   1.1581784e+02   2.1646951e+02
   1.1560803e+02   2.1552612e+02
   1.1534248e+02   2.1459921e+02
   1.1507131e+02   2.1366949e+02
   1.1479914e+02   2.1274235e+02
   1.1443523e+02   2.1184656e+02
   1.1410126e+02   2.1094207e+02
   1.1370292e+02   2.1006736e+02
   1.1334096e+02   2.0918928e+02
   1.1287154e+02   2.0837226e+02
   1.1237355e+02   2.0755540e+02
   1.1179266e+02   2.0678574e+02
   1.1121730e+02   2.0603791e+02
   1.1059193e+02   2.0532152e+02
   1.1002712e+02   2.0456123e+02
   1.0962624e+02   2.0372211e+02
   1.0893788e+02   2.0306141e+02
   1.0822132e+02   2.0242332e+02
   1.0752771e+02   2.0176709e+02
   1.0690765e+02   2.0104865e+02
   1.0635019e+02   2.0029924e+02
   1.0569808e+02   1.9962095e+02
   1.0502321e+02   1.9896428e+02
   1.0431499e+02   1.9833599e+02
   1.0369142e+02   1.9762874e+02
   1.0303033e+02   1.9695433e+02
   1.0233238e+02   1.9633224e+02
   1.0163443e+02   1.9569043e+02
   1.0105435e+02   1.9496216e+02
   1.0059762e+02   1.9417546e+02
   1.0007254e+02   1.9342152e+02
   9.9567482e+01   1.9265659e+02
   9.9143208e+01   1.9183486e+02
   9.8675735e+01   1.9104381e+02
   9.8568244e+01   1.9010090e+02
   9.8402244e+01   1.8916587e+02
   9.8241453e+01   1.8825861e+02
   9.7864224e+01   1.8743950e+02
   9.7502015e+01   1.8661933e+02
   9.7276475e+01   1.8576398e+02
   9.7198097e+01   1.8486159e+02
   9.7094423e+01   1.8395245e+02
   9.6865289e+01   1.8310588e+02
   9.6843450e+01   1.8218596e+02
   9.6702650e+01   1.8129496e+02
   9.6460805e+01   1.8044652e+02
   9.6176626e+01   1.7958436e+02
   9.5866013e+01   1.7875146e+02
   9.5419155e+01   1.7796896e+02
   9.5058588e+01   1.7713544e+02
   9.4721549e+01   1.7630116e+02
   9.4308285e+01   1.7553029e+02
   9.3704906e+01   1.7481458e+02
   9.3300847e+01   1.7398589e+02
   9.2863446e+01   1.7318393e+02
   9.2463588e+01   1.7238748e+02
   9.2224988e+01   1.7150312e+02
   9.1912778e+01   1.7066942e+02
   9.1932786e+01   1.6972653e+02
   9.1801165e+01   1.6884919e+02
   9.1452150e+01   1.6803646e+02
   9.1064334e+01   1.6727643e+02
   9.0677170e+01   1.6647548e+02
   9.0340652e+01   1.6567862e+02
   8.9842372e+01   1.6495114e+02
   8.9762078e+01   1.6410670e+02
   8.9736908e+01   1.6325507e+02
   8.9660241e+01   1.6242425e+02
   8.9658598e+01   1.6160398e+02
   8.9927983e+01   1.6078501e+02
   9.0170772e+01   1.5992182e+02
   9.0690244e+01   1.5916568e+02
   9.0499527e+01   1.5835730e+02
   9.0517360e+01   1.5754484e+02
   9.0506466e+01   1.5671881e+02
   9.0923071e+01   1.5590336e+02
   9.1259207e+01   1.5508578e+02
   9.1177928e+01   1.5413677e+02
   9.1174569e+01   1.5321493e+02
   9.1214939e+01   1.5231896e+02
   9.1279648e+01   1.5143740e+02
   9.1472286e+01   1.5056712e+02
   9.1492878e+01   1.4972678e+02
   9.1451199e+01   1.4892199e+02
   9.1973808e+01   1.4817452e+02
   9.2517275e+01   1.4744283e+02
   9.2886985e+01   1.4673394e+02
   9.3063658e+01   1.4589768e+02
   9.3542706e+01   1.4524405e+02
   9.3970053e+01   1.4454993e+02
   9.4592703e+01   1.4396853e+02
   9.5106615e+01   1.4336872e+02
   9.5573776e+01   1.4272760e+02
   9.5970440e+01   1.4203668e+02
   9.6406611e+01   1.4138738e+02
   9.6838203e+01   1.4068506e+02
   9.7463095e+01   1.4018829e+02
   9.7767358e+01   1.3947911e+02
   9.7972355e+01   1.3869642e+02
   9.8036733e+01   1.3788761e+02
   9.8409650e+01   1.3722492e+02
   9.8982449e+01   1.3660768e+02
   9.9584335e+01   1.3605405e+02
   1.0004962e+02   1.3548171e+02
   1.0025479e+02   1.3479919e+02
   1.0043803e+02   1.3410600e+02
   1.0044243e+02   1.3335613e+02
   1.0027162e+02   1.3255312e+02
   1.0007709e+02   1.3172059e+02
   9.9832578e+01   1.3093457e+02
   9.9798197e+01   1.3017780e+02
   9.9793425e+01   1.2945382e+02
   9.9783432e+01   1.2866294e+02
   9.9678733e+01   1.2785162e+02
   9.9637266e+01   1.2706139e+02
   9.9713840e+01   1.2619137e+02
   9.9539930e+01   1.2535570e+02
   9.9486904e+01   1.2454352e+02
   9.9377331e+01   1.2372518e+02
   9.9503930e+01   1.2291463e+02
   9.9454708e+01   1.2205141e+02
   9.9832881e+01   1.2122395e+02
   1.0005227e+02   1.2038697e+02
   1.0028707e+02   1.1955734e+02
   1.0023886e+02   1.1869895e+02
   1.0037767e+02   1.1787100e+02
   1.0009944e+02   1.1705733e+02
   1.0004274e+02   1.1622919e+02
   1.0026485e+02   1.1537862e+02
   1.0031180e+02   1.1452499e+02
   1.0021993e+02   1.1366949e+02
   1.0000512e+02   1.1281851e+02
   1.0021186e+02   1.1193628e+02
   1.0020012e+02   1.1108100e+02
   1.0012692e+02   1.1021032e+02
   1.0001597e+02   1.0935344e+02
   1.0022296e+02   1.0848066e+02
   1.0009699e+02   1.0757299e+02
   1.0012767e+02   1.0671763e+02
   9.9696772e+01   1.0590765e+02
   9.9593852e+01   1.0500810e+02
   9.9572338e+01   1.0407260e+02
   9.9587527e+01   1.0317724e+02
   9.9520945e+01   1.0226527e+02
   9.9552954e+01   1.0137305e+02
   9.9121922e+01   1.0057982e+02
   9.8918442e+01   9.9680742e+01
   9.8842898e+01   9.8760961e+01
   9.8825549e+01   9.7857951e+01
   9.8758532e+01   9.6948368e+01
   9.8646430e+01   9.6070835e+01
   9.8460931e+01   9.5185148e+01
   9.8585173e+01   9.4271720e+01
   9.8772345e+01   9.3407270e+01
   9.8901236e+01   9.2523060e+01
   9.8923057e+01   9.1627798e+01
   9.8845910e+01   9.0713584e+01
   9.9019649e+01   8.9872469e+01
   9.8863330e+01   8.9001891e+01
   9.8510554e+01   8.8128174e+01
   9.8147706e+01   8.7260941e+01
   9.7763854e+01   8.6402761e+01
   9.7375186e+01   8.5549585e+01
   9.6972571e+01   8.4706231e+01
   9.6531114e+01   8.3890368e+01
   9.6083426e+01   8.3077127e+01
   9.5669198e+01   8.2246203e+01
   9.5219076e+01   8.1438615e+01
   9.4764153e+01   8.0620518e+01
   9.4248889e+01   7.9842973e+01
   9.3623905e+01   7.9146037e+01
   9.2906029e+01   7.8519052e+01
   9.2167232e+01   7.7899895e+01
   9.1517060e+01   7.7214383e+01
   9.0947866e+01   7.6477444e+01
   9.0188363e+01   7.5868810e+01
   8.9507001e+01   7.5201190e+01
   8.8827050e+01   7.4541652e+01
   8.8201565e+01   7.3857463e+01
   8.7540327e+01   7.3199570e+01
   8.6776935e+01   7.2647734e+01
   8.6011661e+01   7.2063347e+01
   8.5319501e+01   7.1435413e+01
   8.4623336e+01   7.0802682e+01
   8.3862080e+01   7.0241773e+01
   8.3007833e+01   6.9789368e+01
   8.2197433e+01   6.9268330e+01
   8.1371446e+01   6.8780746e+01
   8.0614169e+01   6.8213691e+01
   7.9844977e+01   6.7656555e+01
   7.9087176e+01   6.7117888e+01
   7.8297971e+01   6.6610761e+01
   7.7587297e+01   6.6006781e+01
   7.6867897e+01   6.5424233e+01
   7.6080180e+01   6.4912103e+01
   7.5296560e+01   6.4410080e+01
   7.4584641e+01   6.3837191e+01
   7.3791023e+01   6.3383023e+01
   7.3001703e+01   6.2882384e+01
   7.2169498e+01   6.2486644e+01
   7.1342230e+01   6.2068731e+01
   7.0589255e+01   6.1533604e+01
   6.9832742e+01   6.1024660e+01
   6.8992837e+01   6.0645973e+01
   6.8243685e+01   6.0135982e+01
   6.7502598e+01   5.9607964e+01
   6.6775575e+01   5.9068066e+01
   6.5986969e+01   5.8615552e+01
   6.5259883e+01   5.8068699e+01
   6.4449926e+01   5.7642521e+01
   6.3664651e+01   5.7171918e+01
   6.2846336e+01   5.6767072e+01
   6.2035048e+01   5.6326688e+01
   6.1238723e+01   5.5898306e+01
   6.0491743e+01   5.5382016e+01
   5.9631056e+01   5.5062447e+01
   5.8830255e+01   5.4646459e+01
   5.8001094e+01   5.4268046e+01
   5.7260180e+01   5.3760447e+01
   5.6601524e+01   5.3137538e+01
   5.5860378e+01   5.2630854e+01
   5.4960666e+01   5.2382526e+01
   5.4088528e+01   5.2072498e+01
   5.3243163e+01   5.1761113e+01
   5.2362384e+01   5.1504242e+01
   5.1527679e+01   5.1135820e+01
   5.0675411e+01   5.0828093e+01
   4.9850954e+01   5.0458928e+01
   4.9028888e+01   5.0100967e+01
   4.8198237e+01   4.9795476e+01
   4.7369445e+01   4.9522608e+01
   4.6590604e+01   4.9076004e+01
   4.5795222e+01   4.8721767e+01
   4.4941715e+01   4.8520578e+01
   4.4169885e+01   4.8085511e+01
   4.3458073e+01   4.7519490e+01
   4.2683523e+01   4.7021316e+01
   4.1908126e+01   4.6597794e+01
   4.1098234e+01   4.6286446e+01
   4.0342741e+01   4.5855727e+01
   3.9840805e+01   4.5055098e+01
   3.9245100e+01   4.4329910e+01
   3.8565626e+01   4.3688808e+01
   3.7898249e+01   4.3074837e+01
   3.7201595e+01   4.2511372e+01
   3.6565123e+01   4.1925157e+01
   3.6037290e+01   4.1226861e+01
   3.5438373e+01   4.0559063e+01
   3.4884435e+01   3.9881453e+01
   3.4458501e+01   3.9138497e+01
   3.3886106e+01   3.8488002e+01
   3.4237587e+01   3.7858940e+01
   3.5086783e+01   3.7332542e+01
   3.5250627e+01   3.6382116e+01
   3.5337826e+01   3.5386222e+01
   3.5429338e+01   3.4392668e+01
   3.5496044e+01   3.3409870e+01
   3.5580693e+01   3.2431663e+01
   3.5674081e+01   3.1464448e+01
   3.5730596e+01   3.0504074e+01
   3.5775452e+01   2.9560974e+01
   3.5902085e+01   2.8610606e+01
   3.6091163e+01   2.7643884e+01
   3.6233476e+01   2.6675204e+01
   3.6338661e+01   2.5703057e+01
   3.6469754e+01   2.4721904e+01
   3.6583936e+01   2.3745136e+01
   3.6720778e+01   2.2779769e+01
   3.6876638e+01   2.1815872e+01
   3.6956855e+01   2.0834712e+01
   3.7065865e+01   1.9882031e+01
   3.7199732e+01   1.8930222e+01
   3.7387957e+01   1.7971114e+01
   3.7543416e+01   1.7020392e+01
   3.7605810e+01   1.6041572e+01
   3.7716348e+01   1.5081463e+01
   3.7910038e+01   1.4122176e+01
   3.8105104e+01   1.3164743e+01
   3.8250810e+01   1.2201707e+01
   3.8376981e+01   1.1256471e+01
   3.8466471e+01   1.0275138e+01
   3.8518989e+01   9.2863012e+00
   3.8574743e+01   8.2994532e+00
   3.8776889e+01   7.3375034e+00
   3.8719370e+01   6.3597185e+00
   3.8713673e+01   5.3911974e+00
   3.8819251e+01   4.4003398e+00
   3.9007295e+01   3.4322804e+00
   3.9150000e+01   2.5200000e+00
