   4.0000000e+02   3.5000000e+02
   3.9910354e+02   3.4975666e+02
   3.9819644e+02   3.4952504e+02
   3.9729772e+02   3.4927827e+02
   3.9636755e+02   3.4910369e+02
   3.9544387e+02   3.4892400e+02
   3.9454000e+02   3.4870356e+02
   3.9363117e+02   3.4850478e+02
   3.9270545e+02   3.4832636e+02
   3.9180490e+02   3.4807861e+02
   3.9090685e+02   3.4784434e+02
   3.9002820e+02   3.4754020e+02
   3.8912080e+02   3.4731780e+02
   3.8821323e+02   3.4707113e+02
   3.8727431e+02   3.4690714e+02
   3.8636332e+02   3.4669341e+02
   3.8549216e+02   3.4635312e+02
   3.8457505e+02   3.4617759e+02
   3.8366157e+02   3.4598649e+02
   3.8276726e+02   3.4573100e+02
   3.8184641e+02   3.4556032e+02
   3.8093273e+02   3.4539385e+02
   3.8001892e+02   3.4518900e+02
   3.7908728e+02   3.4507150e+02
   3.7817810e+02   3.4485518e+02
   3.7727228e+02   3.4460493e+02
   3.7637585e+02   3.4437913e+02
   3.7549991e+02   3.4407418e+02
   3.7459891e+02   3.4386591e+02
   3.7371999e+02   3.4352760e+02
   3.7283129e+02   3.4324629e+02
   3.7194662e+02   3.4296692e+02
   3.7103472e+02   3.4279786e+02
   3.7016304e+02   3.4244328e+02
   3.6930816e+02   3.4203820e+02
   3.6841619e+02   3.4176024e+02
   3.6753110e+02   3.4146494e+02
   3.6663404e+02   3.4122146e+02
   3.6575026e+02   3.4093434e+02
   3.6483814e+02   3.4074514e+02
   3.6393712e+02   3.4050496e+02
   3.6305912e+02   3.4020412e+02
   3.6217840e+02   3.3992892e+02
   3.6131058e+02   3.3962053e+02
   3.6039327e+02   3.3943501e+02
   3.5947091e+02   3.3932843e+02
   3.5855987e+02   3.3916115e+02
   3.5762024e+02   3.3909922e+02
   3.5669805e+02   3.3893942e+02
   3.5576843e+02   3.3882014e+02
   3.5483537e+02   3.3879087e+02
   3.5391803e+02   3.3862800e+02
   3.5300144e+02   3.3850791e+02
   3.5207302e+02   3.3841366e+02
   3.5116585e+02   3.3824285e+02
   3.5025712e+02   3.3807946e+02
   3.4932216e+02   3.3808300e+02
   3.4841441e+02   3.3791619e+02
   3.4749556e+02   3.3778191e+02
   3.4662162e+02   3.3737323e+02
   3.4575420e+02   3.3694618e+02
   3.4481668e+02   3.3683626e+02
   3.4388987e+02   3.3670863e+02
   3.4298062e+02   3.3653508e+02
   3.4207248e+02   3.3637530e+02
   3.4117038e+02   3.3614528e+02
   3.4025011e+02   3.3598689e+02
   3.3929534e+02   3.3597887e+02
   3.3835976e+02   3.3594445e+02
   3.3742007e+02   3.3585769e+02
   3.3648714e+02   3.3582105e+02
   3.3555835e+02   3.3573147e+02
   3.3461685e+02   3.3576366e+02
   3.3368413e+02   3.3576204e+02
   3.3275770e+02   3.3567600e+02
   3.3183523e+02   3.3553108e+02
   3.3089722e+02   3.3551311e+02
   3.2998301e+02   3.3532661e+02
   3.2906283e+02   3.3522052e+02
   3.2813735e+02   3.3512236e+02
   3.2722151e+02   3.3500990e+02
   3.2630396e+02   3.3493618e+02
   3.2539218e+02   3.3473139e+02
   3.2449812e+02   3.3435700e+02
   3.2362041e+02   3.3402548e+02
   3.2269434e+02   3.3387526e+02
   3.2175754e+02   3.3383446e+02
   3.2084514e+02   3.3366681e+02
   3.1990809e+02   3.3367849e+02
   3.1898152e+02   3.3359923e+02
   3.1805585e+02   3.3354836e+02
   3.1713381e+02   3.3341886e+02
   3.1621657e+02   3.3327894e+02
   3.1529002e+02   3.3312440e+02
   3.1435582e+02   3.3314275e+02
   3.1342167e+02   3.3308853e+02
   3.1250125e+02   3.3293148e+02
   3.1159204e+02   3.3275578e+02
   3.1065403e+02   3.3279930e+02
   3.0973638e+02   3.3277828e+02
   3.0881591e+02   3.3285376e+02
   3.0787191e+02   3.3286906e+02
   3.0692998e+02   3.3289940e+02
   3.0600031e+02   3.3286503e+02
   3.0507955e+02   3.3283582e+02
   3.0414600e+02   3.3291900e+02
   3.0320455e+02   3.3294491e+02
   3.0227808e+02   3.3279706e+02
   3.0134869e+02   3.3279883e+02
   3.0042327e+02   3.3280358e+02
   2.9951488e+02   3.3257850e+02
   2.9858864e+02   3.3249774e+02
   2.9766152e+02   3.3244764e+02
   2.9674410e+02   3.3239763e+02
   2.9582872e+02   3.3230187e+02
   2.9490948e+02   3.3209679e+02
   2.9400623e+02   3.3188242e+02
   2.9311791e+02   3.3159793e+02
   2.9224495e+02   3.3115799e+02
   2.9132620e+02   3.3085617e+02
   2.9044045e+02   3.3049473e+02
   2.8953137e+02   3.3019666e+02
   2.8863811e+02   3.2988363e+02
   2.8772934e+02   3.2962600e+02
   2.8681824e+02   3.2944102e+02
   2.8596005e+02   3.2903271e+02
   2.8505939e+02   3.2874754e+02
   2.8413409e+02   3.2871536e+02
   2.8321048e+02   3.2861686e+02
   2.8231586e+02   3.2837500e+02
   2.8143794e+02   3.2814600e+02
   2.8048968e+02   3.2823971e+02
   2.7955741e+02   3.2828574e+02
   2.7863366e+02   3.2815507e+02
   2.7771603e+02   3.2799154e+02
   2.7680836e+02   3.2780886e+02
   2.7589120e+02   3.2775524e+02
   2.7500228e+02   3.2745128e+02
   2.7411509e+02   3.2719123e+02
   2.7322318e+02   3.2701315e+02
   2.7231176e+02   3.2690287e+02
   2.7141049e+02   3.2660195e+02
   2.7052955e+02   3.2635534e+02
   2.6964163e+02   3.2610446e+02
   2.6879576e+02   3.2579627e+02
   2.6786892e+02   3.2578158e+02
   2.6698491e+02   3.2557451e+02
   2.6609709e+02   3.2536757e+02
   2.6527366e+02   3.2494700e+02
   2.6435625e+02   3.2485434e+02
   2.6345492e+02   3.2469685e+02
   2.6257535e+02   3.2443671e+02
   2.6172250e+02   3.2402291e+02
   2.6088854e+02   3.2361241e+02
   2.6006502e+02   3.2315840e+02
   2.5924608e+02   3.2267842e+02
   2.5843000e+02   3.2223085e+02
   2.5756829e+02   3.2193649e+02
   2.5667130e+02   3.2175527e+02
   2.5580883e+02   3.2142911e+02
   2.5497312e+02   3.2101863e+02
   2.5405793e+02   3.2094595e+02
   2.5318696e+02   3.2061800e+02
   2.5230346e+02   3.2041358e+02
   2.5139853e+02   3.2037804e+02
   2.5047031e+02   3.2072820e+02
   2.4955565e+02   3.2111545e+02
   2.4864041e+02   3.2150248e+02
   2.4772978e+02   3.2189510e+02
   2.4683231e+02   3.2231261e+02
   2.4593064e+02   3.2272227e+02
   2.4504480e+02   3.2315820e+02
   2.4415594e+02   3.2358992e+02
   2.4327714e+02   3.2403322e+02
   2.4238949e+02   3.2446400e+02
   2.4150555e+02   3.2489815e+02
   2.4062966e+02   3.2533454e+02
   2.3974600e+02   3.2577300e+02
   2.3887094e+02   3.2622223e+02
   2.3798311e+02   3.2664675e+02
   2.3710668e+02   3.2709520e+02
   2.3623052e+02   3.2753643e+02
   2.3533906e+02   3.2795765e+02
   2.3446871e+02   3.2841168e+02
   2.3360684e+02   3.2886503e+02
   2.3275413e+02   3.2933917e+02
   2.3188678e+02   3.2979404e+02
   2.3101658e+02   3.3024996e+02
   2.3013129e+02   3.3067324e+02
   2.2925461e+02   3.3111306e+02
   2.2836575e+02   3.3152556e+02
   2.2747860e+02   3.3193862e+02
   2.2660918e+02   3.3236595e+02
   2.2570851e+02   3.3274833e+02
   2.2483652e+02   3.3319705e+02
   2.2399014e+02   3.3368416e+02
   2.2315282e+02   3.3419175e+02
   2.2228836e+02   3.3464447e+02
   2.2144005e+02   3.3511476e+02
   2.2058837e+02   3.3559206e+02
   2.1972285e+02   3.3604229e+02
   2.1888241e+02   3.3653959e+02
   2.1802742e+02   3.3700246e+02
   2.1717492e+02   3.3747815e+02
   2.1633347e+02   3.3796126e+02
   2.1547710e+02   3.3841743e+02
   2.1464210e+02   3.3891262e+02
   2.1378087e+02   3.3936428e+02
   2.1294463e+02   3.3986739e+02
   2.1209899e+02   3.4033934e+02
   2.1124825e+02   3.4080522e+02
   2.1036665e+02   3.4122804e+02
   2.0949988e+02   3.4167394e+02
   2.0862365e+02   3.4210004e+02
   2.0776974e+02   3.4255068e+02
   2.0690719e+02   3.4298946e+02
   2.0608434e+02   3.4348570e+02
   2.0520805e+02   3.4389898e+02
   2.0435892e+02   3.4436703e+02
   2.0351673e+02   3.4483642e+02
   2.0266974e+02   3.4530423e+02
   2.0182329e+02   3.4577654e+02
   2.0097126e+02   3.4623200e+02
   2.0013085e+02   3.4669300e+02
   1.9927488e+02   3.4715317e+02
   1.9841864e+02   3.4760207e+02
   1.9758583e+02   3.4808142e+02
   1.9674160e+02   3.4851115e+02
   1.9586196e+02   3.4890568e+02
   1.9499567e+02   3.4933777e+02
   1.9413290e+02   3.4976805e+02
   1.9331876e+02   3.5026813e+02
   1.9248205e+02   3.5073042e+02
   1.9166191e+02   3.5120449e+02
   1.9079330e+02   3.5161353e+02
   1.8990990e+02   3.5199037e+02
   1.8906859e+02   3.5244498e+02
   1.8822506e+02   3.5289146e+02
   1.8738968e+02   3.5334985e+02
   1.8655278e+02   3.5380572e+02
   1.8569611e+02   3.5422272e+02
   1.8482586e+02   3.5462319e+02
   1.8399918e+02   3.5509285e+02
   1.8312459e+02   3.5546856e+02
   1.8224345e+02   3.5586108e+02
   1.8138187e+02   3.5627185e+02
   1.8051682e+02   3.5667514e+02
   1.7969196e+02   3.5711770e+02
   1.7883641e+02   3.5754999e+02
   1.7797803e+02   3.5799299e+02
   1.7713605e+02   3.5843001e+02
   1.7627783e+02   3.5884648e+02
   1.7543702e+02   3.5929655e+02
   1.7458972e+02   3.5974904e+02
   1.7375555e+02   3.6016347e+02
   1.7290486e+02   3.6058835e+02
   1.7207671e+02   3.6106283e+02
   1.7121647e+02   3.6144645e+02
   1.7035449e+02   3.6186050e+02
   1.6950028e+02   3.6226414e+02
   1.6866020e+02   3.6265980e+02
   1.6780470e+02   3.6305394e+02
   1.6693772e+02   3.6343921e+02
   1.6608711e+02   3.6382284e+02
   1.6528887e+02   3.6429685e+02
   1.6450212e+02   3.6480016e+02
   1.6371432e+02   3.6530500e+02
   1.6289076e+02   3.6576799e+02
   1.6205447e+02   3.6619104e+02
   1.6124495e+02   3.6668203e+02
   1.6038235e+02   3.6705192e+02
   1.5955238e+02   3.6749472e+02
   1.5874187e+02   3.6794033e+02
   1.5789851e+02   3.6835039e+02
   1.5709415e+02   3.6881827e+02
   1.5627628e+02   3.6926604e+02
   1.5543821e+02   3.6967600e+02
   1.5457158e+02   3.7005167e+02
   1.5374596e+02   3.7048400e+02
   1.5292095e+02   3.7092942e+02
   1.5209521e+02   3.7137049e+02
   1.5126660e+02   3.7178746e+02
   1.5048684e+02   3.7231205e+02
   1.4970600e+02   3.7284320e+02
   1.4890033e+02   3.7330467e+02
   1.4810566e+02   3.7377800e+02
   1.4725942e+02   3.7417310e+02
   1.4644452e+02   3.7462905e+02
   1.4558509e+02   3.7499684e+02
   1.4474020e+02   3.7541387e+02
   1.4390571e+02   3.7585473e+02
   1.4310509e+02   3.7635028e+02
   1.4231194e+02   3.7686179e+02
   1.4149521e+02   3.7733237e+02
   1.4063677e+02   3.7766167e+02
   1.3982548e+02   3.7813114e+02
   1.3899023e+02   3.7857323e+02
   1.3811355e+02   3.7888253e+02
   1.3726096e+02   3.7927427e+02
   1.3642437e+02   3.7966293e+02
   1.3563141e+02   3.8014792e+02
   1.3481543e+02   3.8059757e+02
   1.3397248e+02   3.8099052e+02
   1.3319933e+02   3.8152409e+02
   1.3238497e+02   3.8193451e+02
   1.3154564e+02   3.8234388e+02
   1.3069495e+02   3.8270129e+02
   1.2984799e+02   3.8306226e+02
   1.2901542e+02   3.8344711e+02
   1.2819784e+02   3.8386188e+02
   1.2734507e+02   3.8417836e+02
   1.2651822e+02   3.8461394e+02
   1.2569622e+02   3.8502735e+02
   1.2491710e+02   3.8554052e+02
   1.2411085e+02   3.8600761e+02
   1.2329767e+02   3.8643195e+02
   1.2253561e+02   3.8697039e+02
   1.2170549e+02   3.8737056e+02
   1.2088431e+02   3.8781477e+02
   1.2004652e+02   3.8824855e+02
   1.1925165e+02   3.8876217e+02
   1.1846318e+02   3.8926461e+02
   1.1769124e+02   3.8980280e+02
   1.1687688e+02   3.9025403e+02
   1.1605111e+02   3.9070066e+02
   1.1528220e+02   3.9121200e+02
   1.1446648e+02   3.9167951e+02
   1.1364734e+02   3.9211389e+02
   1.1294846e+02   3.9272216e+02
   1.1221623e+02   3.9330165e+02
   1.1147159e+02   3.9387768e+02
   1.1081713e+02   3.9455372e+02
   1.1004698e+02   3.9509977e+02
   1.0930403e+02   3.9568056e+02
   1.0851965e+02   3.9616122e+02
   1.0773209e+02   3.9663442e+02
   1.0698809e+02   3.9716391e+02
   1.0618742e+02   3.9762910e+02
   1.0543873e+02   3.9818403e+02
   1.0468237e+02   3.9874553e+02
   1.0387579e+02   3.9921591e+02
   1.0305621e+02   3.9963659e+02
   1.0223780e+02   4.0012747e+02
   1.0139739e+02   4.0050745e+02
   1.0059531e+02   4.0099927e+02
   9.9772848e+01   4.0142533e+02
   9.8963758e+01   4.0190444e+02
   9.8124956e+01   4.0228322e+02
   9.7317632e+01   4.0275880e+02
   9.6537317e+01   4.0327224e+02
   9.5758683e+01   4.0381004e+02
   9.4995639e+01   4.0434660e+02
   9.4196875e+01   4.0483399e+02
   9.3390762e+01   4.0530587e+02
   9.2605858e+01   4.0583224e+02
   9.1833124e+01   4.0635625e+02
   9.1069345e+01   4.0690333e+02
   9.0250570e+01   4.0734710e+02
   8.9427993e+01   4.0775135e+02
   8.8645527e+01   4.0828275e+02
   8.7842740e+01   4.0873412e+02
   8.7086892e+01   4.0930508e+02
   8.6270366e+01   4.0971442e+02
   8.5493162e+01   4.1024911e+02
   8.4794201e+01   4.1091151e+02
   8.4046578e+01   4.1147284e+02
   8.3242658e+01   4.1192301e+02
   8.2463537e+01   4.1247468e+02
   8.1657706e+01   4.1294383e+02
   8.0901559e+01   4.1352719e+02
   8.0126793e+01   4.1402202e+02
   7.9438710e+01   4.1465993e+02
   7.8728925e+01   4.1528088e+02
   7.8064377e+01   4.1592788e+02
   7.7383276e+01   4.1657539e+02
   7.6675302e+01   4.1720040e+02
   7.5990097e+01   4.1786230e+02
   7.5297287e+01   4.1850498e+02
   7.4596585e+01   4.1912993e+02
   7.4041344e+01   4.1989538e+02
   7.3356692e+01   4.2050833e+02
   7.2724510e+01   4.2120128e+02
   7.2120075e+01   4.2191066e+02
   7.1550923e+01   4.2266672e+02
   7.0972782e+01   4.2339871e+02
   7.0370245e+01   4.2409793e+02
   6.9723884e+01   4.2477679e+02
   6.9171657e+01   4.2552054e+02
   6.8633617e+01   4.2630677e+02
   6.8154131e+01   4.2712404e+02
   6.8000553e+01   4.2805874e+02
   6.7922813e+01   4.2899945e+02
   6.7788438e+01   4.2994091e+02
   6.7675402e+01   4.3087649e+02
   6.7550726e+01   4.3181742e+02
   6.7460266e+01   4.3275037e+02
   6.7453897e+01   4.3366655e+02
   6.7399865e+01   4.3461398e+02
   6.7286015e+01   4.3555856e+02
   6.7236921e+01   4.3648720e+02
   6.7164393e+01   4.3743506e+02
   6.7067558e+01   4.3838683e+02
   6.7058492e+01   4.3930729e+02
   6.6974133e+01   4.4023429e+02
   6.6952245e+01   4.4114754e+02
   6.6877402e+01   4.4207532e+02
   6.6816203e+01   4.4301347e+02
   6.6843436e+01   4.4390476e+02
   6.6848013e+01   4.4482104e+02
   6.6776258e+01   4.4574749e+02
   6.6655165e+01   4.4664444e+02
   6.6572262e+01   4.4756773e+02
   6.6418275e+01   4.4847621e+02
   6.6298572e+01   4.4940623e+02
   6.6117529e+01   4.5033406e+02
   6.5985452e+01   4.5125562e+02
   6.5824179e+01   4.5219741e+02
   6.5699634e+01   4.5311108e+02
   6.5381886e+01   4.5394824e+02
   6.5157873e+01   4.5487276e+02
   6.4914457e+01   4.5578991e+02
   6.4666396e+01   4.5670089e+02
   6.4395104e+01   4.5757556e+02
   6.4114943e+01   4.5845985e+02
   6.3829866e+01   4.5938365e+02
   6.3479259e+01   4.6025057e+02
   6.3057557e+01   4.6104203e+02
   6.2247279e+01   4.6154136e+02
   6.1436782e+01   4.6203657e+02
   6.0638873e+01   4.6252901e+02
   5.9817410e+01   4.6301240e+02
   5.9009311e+01   4.6352304e+02
   5.8234010e+01   4.6406242e+02
   5.7475754e+01   4.6461777e+02
   5.6680122e+01   4.6510375e+02
   5.5891394e+01   4.6563697e+02
   5.5141656e+01   4.6619437e+02
   5.4417378e+01   4.6677131e+02
   5.3680336e+01   4.6738300e+02
   5.3001328e+01   4.6803924e+02
   5.2273821e+01   4.6865983e+02
   5.1574062e+01   4.6929704e+02
   5.0889485e+01   4.6996716e+02
   5.0182581e+01   4.7063942e+02
   4.9539313e+01   4.7133917e+02
   4.8816061e+01   4.7195269e+02
   4.8165792e+01   4.7267301e+02
   4.7514373e+01   4.7337035e+02
   4.6910594e+01   4.7408777e+02
   4.6249328e+01   4.7475297e+02
   4.5620587e+01   4.7548268e+02
   4.4961014e+01   4.7618538e+02
   4.4327385e+01   4.7691337e+02
   4.3700812e+01   4.7763073e+02
   4.3072424e+01   4.7834383e+02
   4.2439536e+01   4.7906833e+02
   4.1765669e+01   4.7976688e+02
   4.1132208e+01   4.8050502e+02
   4.0515031e+01   4.8126389e+02
   3.9880967e+01   4.8199986e+02
   3.9253143e+01   4.8274272e+02
   3.8644946e+01   4.8346728e+02
   3.8012964e+01   4.8419539e+02
   3.7412197e+01   4.8492501e+02
   3.7029994e+01   4.8581876e+02
   3.6623667e+01   4.8668392e+02
   3.6249460e+01   4.8756815e+02
   3.5920395e+01   4.8845386e+02
   3.5588370e+01   4.8934022e+02
   3.5155292e+01   4.9019218e+02
   3.4727033e+01   4.9105892e+02
   3.4313653e+01   4.9194239e+02
   3.3931020e+01   4.9284471e+02
   3.3527233e+01   4.9373292e+02
   3.3158221e+01   4.9463494e+02
   3.2763519e+01   4.9551279e+02
   3.2407701e+01   4.9640989e+02
   3.2017619e+01   4.9731866e+02
   3.1624418e+01   4.9821879e+02
   3.1247577e+01   4.9912527e+02
   3.0846906e+01   5.0002198e+02
   3.0461699e+01   5.0093749e+02
   3.1010010e+01   5.0147705e+02
   3.1923827e+01   5.0188001e+02
   3.2838430e+01   5.0228397e+02
   3.3753639e+01   5.0268093e+02
   3.4668549e+01   5.0308289e+02
   3.5583489e+01   5.0347973e+02
   3.6498116e+01   5.0387148e+02
   3.7407317e+01   5.0425326e+02
   3.8296563e+01   5.0468106e+02
   3.9010000e+01   5.0501000e+02
