400 175 -2.876534 -3.054326 0.177792
399 174 -2.884093 -3.054326 0.170233
398 174 -2.882626 -3.054326 0.171700
397 174 -2.915158 -3.054326 0.139168
396 174 -2.952770 -3.054326 0.101556
395 174 -2.926050 -3.054326 0.128276
394 174 -2.914320 -3.054326 0.140006
393 174 -2.938810 -3.054326 0.115516
392 174 -2.912340 -3.054326 0.141986
391 174 -2.879748 -3.054326 0.174578
390 173 -2.847350 -3.054326 0.206976
390 173 -2.854907 -3.054326 0.199419
389 173 -2.888682 -3.054326 0.165644
388 173 -2.922754 -3.054326 0.131572
387 173 -2.940178 -3.054326 0.114148
386 173 -2.840192 -3.054326 0.214134
385 173 -2.860769 -3.054326 0.193557
384 173 -2.943928 -3.054326 0.110398
383 172 -2.899405 -3.054326 0.154921
382 172 -2.910986 -3.054326 0.143340
381 172 -2.959841 -3.054326 0.094485
380 172 -2.941136 -3.054326 0.113190
380 172 -2.968664 -3.054326 0.085662
379 172 -2.962199 -3.054326 0.092127
378 172 -2.889977 -3.054326 0.164349
377 172 -2.883349 -3.054326 0.170977
376 172 -2.850633 -3.054326 0.203693
375 172 -2.860422 -3.054326 0.193904
374 171 -2.843652 -3.054326 0.210674
373 171 -2.804438 -3.054326 0.249889
372 171 -2.835371 -3.054326 0.218955
371 171 -2.896987 -3.054326 0.157339
371 171 -2.856028 -3.054326 0.198299
370 171 -2.727099 -3.054326 0.327227
369 171 -2.768858 -3.054326 0.285468
368 170 -2.829543 -3.054326 0.224783
367 170 -2.848009 -3.054326 0.206318
366 170 -2.852018 -3.054326 0.202308
365 170 -2.882335 -3.054326 0.171991
364 170 -2.909061 -3.054326 0.145265
363 170 -2.846368 -3.054326 0.207958
363 170 -2.825071 -3.054326 0.229255
362 169 -2.819460 -3.054326 0.234866
361 169 -2.871665 -3.054326 0.182661
360 169 -2.984129 -3.054326 0.070197
359 169 -2.993316 -3.054326 0.061010
358 169 -3.018368 3.054326 0.210492
357 169 -3.023058 3.054326 0.205801
356 169 -2.992012 3.054326 0.236848
355 169 -3.062010 3.054326 0.166849
354 169 -3.038126 3.054326 0.190733
353 169 -2.988508 3.054326 0.240351
353 169 -3.025938 3.054326 0.202921
352 169 -2.998183 3.054326 0.230676
351 169 -2.959588 3.054326 0.269271
350 169 -3.055108 3.054326 0.173752
349 169 -3.053220 3.054326 0.175639
348 168 -2.978225 3.054326 0.250634
347 168 -2.847516 3.054326 0.381343
346 168 -2.694130 3.054326 0.534729
345 168 -2.852431 3.054326 0.376428
344 168 -3.014857 3.054326 0.214002
343 168 -2.979005 3.054326 0.249855
342 168 -2.960197 3.054326 0.268662
342 168 -2.929501 3.054326 0.299359
341 168 -2.931600 3.054326 0.297259
340 167 -3.053074 3.054326 0.175785
339 167 -3.119146 3.054326 0.109714
338 167 -3.077062 3.054326 0.151797
337 167 -3.075791 3.054326 0.153068
336 167 -3.073899 3.054326 0.154960
335 167 -3.110917 3.054326 0.117942
334 167 3.125283 3.054326 0.070957
333 167 -3.094477 3.054326 0.134382
332 167 -3.017319 3.054326 0.211541
331 167 -3.054263 3.054326 0.174597
330 167 -3.031646 3.054326 0.197214
329 167 -2.983422 3.054326 0.245437
329 167 -3.031376 3.054326 0.197483
328 167 -3.027702 3.054326 0.201157
327 167 -3.040390 3.054326 0.188469
326 167 -2.990506 3.054326 0.238354
325 167 -2.831231 3.054326 0.397628
324 167 -2.762448 3.054326 0.466411
323 167 -2.880611 3.054326 0.348248
322 166 -3.039409 3.054326 0.189450
321 166 -3.029342 3.054326 0.199517
320 166 -3.057459 3.054326 0.171401
319 166 -3.105346 3.054326 0.123514
318 166 -3.071452 3.054326 0.157407
318 166 -3.044283 3.054326 0.184576
317 166 -2.996146 3.054326 0.232714
316 166 -2.983226 3.054326 0.245633
315 166 -3.068532 3.054326 0.160327
314 166 -3.122396 3.054326 0.106463
313 166 -3.028163 3.054326 0.200696
312 166 -2.961692 3.054326 0.267168
311 166 -3.070158 3.054326 0.158701
310 166 3.129468 3.054326 0.075142
309 166 3.111973 3.054326 0.057647
308 166 3.092942 3.054326 0.038616
307 166 3.117397 3.054326 0.063071
306 166 -3.139439 3.054326 0.089420
306 166 -3.107247 3.054326 0.121613
305 166 3.112496 3.054326 0.058170
304 166 3.083477 3.054326 0.029151
303 166 -3.076404 3.054326 0.152455
302 166 -3.063042 3.054326 0.165818
301 166 3.138077 3.054326 0.083752
300 166 -3.022017 3.054326 0.206842
299 166 -2.976408 3.054326 0.252452
298 166 -3.071103 3.054326 0.157757
297 166 -3.087372 3.054326 0.141487
296 166 -3.062226 3.054326 0.166633
295 166 -2.979060 3.054326 0.249800
294 166 -2.915380 3.054326 0.313480
294 165 -2.870023 3.054326 0.358836
293 165 -2.751375 3.054326 0.477484
292 165 -2.749080 3.054326 0.479780
291 165 -2.789362 3.054326 0.439498
290 165 -2.789458 3.054326 0.439401
289 165 -2.814698 3.054326 0.414162
288 164 -2.834908 3.054326 0.393952
287 164 -2.903015 3.054326 0.325844
286 164 -2.818049 3.054326 0.410810
285 164 -2.766027 3.054326 0.462833
285 164 -2.969513 3.054326 0.259347
284 164 -3.071031 3.054326 0.157829
283 164 -2.956541 3.054326 0.272318
282 164 -2.881948 3.054326 0.346912
281 164 -3.067644 3.054326 0.161215
280 164 3.067420 3.054326 0.013094
279 164 -3.096021 3.054326 0.132838
278 164 -2.983160 3.054326 0.245699
277 163 -2.954146 3.054326 0.274713
276 163 -3.012818 3.054326 0.216041
275 163 -2.946134 3.054326 0.282726
275 163 -2.834111 3.054326 0.394749
274 163 -2.900132 3.054326 0.328727
273 163 -2.983031 3.054326 0.245828
272 163 -2.918523 3.054326 0.310336
271 163 -2.843526 3.054326 0.385334
270 163 -2.867426 -3.054326 0.186900
269 163 -2.829664 -3.054326 0.224662
268 162 -2.961428 -3.054326 0.092898
267 162 -3.019738 -3.054326 0.034588
266 162 -2.912049 -3.054326 0.142277
266 162 -2.790121 -3.054326 0.264205
265 162 -2.854897 -3.054326 0.199429
264 162 -3.004910 -3.054326 0.049416
263 162 -2.911250 -3.054326 0.143076
262 162 -2.770591 -3.054326 0.283736
261 162 -2.687047 -3.054326 0.367279
260 161 -2.660830 -3.054326 0.393496
260 161 -2.624541 -3.054326 0.429785
259 161 -2.625563 -3.054326 0.428763
258 161 -2.725238 -3.054326 0.329088
257 160 -2.877493 -3.054326 0.176833
256 160 -2.860837 -3.054326 0.193489
255 160 -2.732307 -3.054326 0.322019
254 160 -2.872344 -3.054326 0.181982
254 160 -2.920948 -3.054326 0.133378
253 160 -2.846986 -3.054326 0.207340
252 160 -3.008216 -3.054326 0.046110
251 160 2.971621 -3.054326 0.257238
250 160 2.760966 -3.054326 0.467894
249 160 2.741310 -3.054326 0.487550
248 160 2.738028 -3.054326 0.490831
247 160 2.720357 -3.054326 0.508503
246 161 2.710653 -3.054326 0.518206
245 161 2.699733 -3.054326 0.529126
245 161 2.686865 -3.054326 0.541994
244 161 2.681940 -3.054326 0.546919
243 162 2.682095 -3.054326 0.546764
242 162 2.687411 -3.054326 0.541448
241 162 2.682216 -3.054326 0.546643
240 162 2.680187 -3.054326 0.548673
239 162 2.674163 -3.054326 0.554696
238 163 2.681443 -3.054326 0.547416
237 163 2.682107 -3.054326 0.546752
237 163 2.671854 -3.054326 0.557005
236 163 2.687659 -3.054326 0.541201
235 163 2.680516 -3.054326 0.548343
234 164 2.659067 -3.054326 0.569792
233 164 2.645730 -3.054326 0.583130
232 164 2.646379 -3.054326 0.582479
231 164 2.658788 -3.054326 0.570071
231 165 2.677282 -3.054326 0.551577
230 165 2.686098 -3.054326 0.542761
229 165 2.691837 -3.054326 0.537022
228 165 2.706467 -3.054326 0.522392
227 165 2.695352 -3.054326 0.533507
226 166 2.712569 -3.054326 0.516291
225 166 2.703179 -3.054326 0.525680
224 166 2.642902 -3.054326 0.585957
223 166 2.607979 -3.054326 0.620881
223 167 2.627839 3.054326 0.426487
222 167 2.647312 3.054326 0.407014
221 167 2.633079 3.054326 0.421247
220 167 2.646350 3.054326 0.407976
219 168 2.634595 3.054326 0.419731
218 168 2.626300 3.054326 0.428026
218 168 2.639001 3.054326 0.415325
217 168 2.626538 3.054326 0.427788
216 168 2.636275 3.054326 0.418051
215 169 2.629219 3.054326 0.425107
214 169 2.632469 3.054326 0.421857
213 169 2.629229 3.054326 0.425097
212 169 2.616200 3.054326 0.438126
212 170 2.636570 3.054326 0.417756
211 170 2.667595 3.054326 0.386731
210 170 2.680449 3.054326 0.373877
209 170 2.677716 3.054326 0.376610
208 171 2.672564 3.054326 0.381762
207 171 2.663514 3.054326 0.390812
206 171 2.635090 3.054326 0.419236
206 171 2.650119 3.054326 0.404207
205 171 2.669349 3.054326 0.384977
204 172 2.635481 3.054326 0.418845
203 172 2.635052 3.054326 0.419274
202 172 2.634801 3.054326 0.419525
201 172 2.641644 3.054326 0.412682
200 173 2.645297 3.054326 0.409029
200 173 2.644123 3.054326 0.410203
199 173 2.653505 3.054326 0.400821
198 173 2.639080 3.054326 0.415246
197 174 2.644855 3.054326 0.409471
196 174 2.695581 3.054326 0.358745
195 174 2.699405 3.054326 0.354921
194 174 2.678945 3.054326 0.375381
194 174 2.635067 3.054326 0.419259
193 175 2.613801 3.054326 0.440525
192 175 2.627196 3.054326 0.427130
191 175 2.659764 3.054326 0.394562
190 175 2.719938 3.054326 0.334388
189 175 2.692383 3.054326 0.361943
189 176 2.650477 3.054326 0.403849
188 176 2.647263 3.054326 0.407063
187 176 2.641275 3.054326 0.413051
186 176 2.665699 3.054326 0.388627
185 177 2.699476 3.054326 0.354850
184 177 2.667784 3.054326 0.386542
183 177 2.680424 3.054326 0.373902
183 177 2.729135 3.054326 0.325191
182 177 2.709678 3.054326 0.344648
181 178 2.701026 3.054326 0.353300
180 178 2.677521 3.054326 0.376805
179 178 2.661588 3.054326 0.392738
178 178 2.669428 3.054326 0.384898
177 178 2.664004 3.054326 0.390322
177 179 2.676351 3.054326 0.377975
176 179 2.669961 3.054326 0.384365
175 179 2.650605 3.054326 0.403721
174 179 2.665565 3.054326 0.388761
173 180 2.679428 3.054326 0.374899
172 180 2.649792 3.054326 0.404534
172 180 2.671378 3.054326 0.382948
171 180 2.707846 3.054326 0.346480
170 180 2.696957 3.054326 0.357370
169 181 2.700790 3.054326 0.353536
168 181 2.705678 3.054326 0.348648
167 181 2.716668 3.054326 0.337659
166 181 2.720685 3.054326 0.333641
166 181 2.661960 3.054326 0.392366
165 182 2.589050 3.054326 0.465276
164 182 2.572082 3.054326 0.482244
163 182 2.600711 3.054326 0.453616
162 182 2.651266 3.054326 0.403060
162 183 2.634633 3.054326 0.419693
161 183 2.666141 3.054326 0.388185
160 183 2.693950 3.054326 0.360377
159 183 2.645256 3.054326 0.409070
158 183 2.664142 3.054326 0.390184
157 184 2.652034 3.054326 0.402292
157 184 2.627731 3.054326 0.426595
156 184 2.663671 3.054326 0.390655
155 184 2.709743 3.054326 0.344583
154 185 2.696130 3.054326 0.358196
153 185 2.652856 3.054326 0.401470
152 185 2.648767 3.054326 0.405558
152 185 2.663131 3.054326 0.391195
151 185 2.611968 3.054326 0.442358
150 186 2.546816 3.054326 0.507510
149 186 2.582517 3.054326 0.471809
148 186 2.612927 3.054326 0.441399
148 186 2.654830 3.054326 0.399496
147 187 2.668131 3.054326 0.386195
146 187 2.684380 3.054326 0.369946
145 187 2.710051 3.054326 0.344275
144 187 2.669313 3.054326 0.385013
143 187 2.621497 3.054326 0.432829
143 188 2.578066 3.054326 0.476260
142 188 2.593824 3.054326 0.460502
141 188 2.696113 3.054326 0.358213
140 188 2.695388 3.054326 0.358938
139 189 2.635973 3.054326 0.418353
138 189 2.727996 3.054326 0.326330
138 189 2.756443 3.054326 0.297883
137 189 2.708805 3.054326 0.345521
136 189 2.649461 3.054326 0.404865
135 190 2.615333 3.054326 0.438994
134 190 2.671631 3.054326 0.382695
133 190 2.621032 3.054326 0.433294
133 190 2.605127 3.054326 0.449199
132 190 2.681364 3.054326 0.372962
131 191 2.715657 3.054326 0.338669
130 191 2.741280 3.054326 0.313046
129 191 2.723685 3.054326 0.330640
129 191 2.690362 3.054326 0.363964
128 191 2.728945 3.054326 0.325381
127 192 2.720606 3.054326 0.333720
126 192 2.666098 3.054326 0.388229
125 192 2.616977 3.054326 0.437349
124 192 2.587814 3.054326 0.466512
124 193 2.638397 3.054326 0.415929
123 193 2.592982 3.054326 0.461344
122 193 2.608920 3.054326 0.445406
121 193 2.668912 3.054326 0.385414
120 193 2.654829 3.054326 0.399497
120 194 2.615799 3.054326 0.438527
119 194 2.571061 3.054326 0.483265
118 194 2.553432 3.054326 0.500894
117 194 2.583908 3.054326 0.470418
116 195 2.640723 3.054326 0.413603
116 195 2.600638 3.054326 0.453689
115 195 2.588249 3.054326 0.466077
114 195 2.637474 2.879793 0.242319
113 196 2.539748 2.879793 0.340045
112 196 2.448850 2.879793 0.430943
112 196 2.477669 2.879793 0.402124
111 196 2.411596 2.879793 0.468197
110 197 2.432564 2.879793 0.447230
110 197 2.501478 2.879793 0.378316
109 197 2.534250 2.879793 0.345543
108 198 2.596185 2.879793 0.283608
107 198 2.561931 2.879793 0.317862
106 198 2.569487 2.879793 0.310306
106 198 2.559325 2.879793 0.320468
105 199 2.503367 2.879793 0.376426
104 199 2.558068 2.879793 0.321725
103 199 2.640322 2.879793 0.239471
103 199 2.633764 2.879793 0.246029
102 200 2.658155 3.054326 0.396171
101 200 2.653626 3.054326 0.400700
100 200 2.627300 3.054326 0.427026
99 200 2.635079 3.054326 0.419247
98 200 2.661602 3.054326 0.392724
98 201 2.662851 3.054326 0.391475
97 201 2.584469 3.054326 0.469857
96 201 2.548306 3.054326 0.506020
95 201 2.532966 3.054326 0.521360
94 202 2.561278 3.054326 0.493048
94 202 2.602850 3.054326 0.451476
93 202 2.581249 3.054326 0.473077
92 202 2.548295 3.054326 0.506030
91 203 2.532821 3.054326 0.521505
91 203 2.582197 3.054326 0.472129
90 203 2.664706 3.054326 0.389619
89 203 2.613809 3.054326 0.440517
88 204 2.586637 3.054326 0.467689
87 204 2.561071 3.054326 0.493255
87 204 2.584107 3.054326 0.470219
86 204 2.606825 3.054326 0.447502
85 205 2.460213 3.054326 0.594113
84 205 2.439458 3.054326 0.614868
84 205 2.563861 3.054326 0.490465
83 205 2.577363 3.054326 0.476963
82 206 2.569397 3.054326 0.484929
81 206 2.548646 3.054326 0.505680
80 206 2.528001 3.054326 0.526325
80 207 3.072281 3.054326 0.017955
79 206 -2.682148 3.054326 0.546711
78 206 -2.633576 3.054326 0.595283
77 206 -2.635183 3.054326 0.593676
76 206 -2.643229 3.054326 0.585630
75 205 -2.653189 3.054326 0.575670
74 205 -2.700310 2.879793 0.703082
74 205 -2.722829 2.879793 0.680563
73 205 -2.711868 2.879793 0.691524
72 205 -2.726226 2.879793 0.677166
71 204 -2.721006 2.879793 0.682386
70 204 -2.685508 2.879793 0.717884
69 204 -2.675331 2.879793 0.728061
68 204 -2.726740 2.705260 0.851185
67 204 -2.728935 2.705260 0.848990
67 203 -2.693753 2.705260 0.884172
66 203 -2.692103 2.530727 1.060356
65 203 -2.739212 2.530727 1.013246
64 203 -2.799689 2.530727 0.952769
63 203 -2.782474 2.356194 1.144517
62 202 -2.793124 2.356194 1.133867
61 202 -2.820136 2.356194 1.106854
60 202 -2.767404 2.356194 1.159587
60 202 -2.729580 2.356194 1.197410
59 202 -2.821513 2.356194 1.105478
58 202 -2.810756 2.181662 1.290768
57 201 -2.720144 2.181662 1.381379
56 201 -2.695840 2.007129 1.580217
55 201 -2.722317 2.007129 1.553739
55 201 -2.746335 2.007129 1.529722
54 201 -2.552186 2.007129 1.723870
53 200 -2.449513 1.308997 2.524676
52 200 -2.609412 1.832596 1.841178
52 200 -2.649780 1.832596 1.800810
51 200 -2.549099 1.832596 1.901491
50 200 -2.552992 1.832596 1.897598
49 199 -2.593979 1.134464 2.554743
49 199 -2.361948 1.134464 2.786773
48 199 -1.976900 1.134464 3.111364
48 198 -1.986254 0.959931 2.946185
48 198 -2.249812 0.959931 3.073442
47 198 -2.166089 0.959931 3.126021
47 197 -2.122133 0.959931 3.082065
46 197 -2.182972 0.959931 3.140281
46 197 -2.074827 0.959931 3.034758
45 196 -2.136486 0.959931 3.096418
45 196 -2.134310 0.959931 3.094241
45 196 -2.113836 0.959931 3.073767
44 195 -2.107427 1.134464 3.041294
44 195 -2.057103 1.134464 3.091618
43 195 -2.070250 1.134464 3.078471
43 194 -2.030558 1.308997 2.943630
43 194 -2.059124 1.308997 2.915065
42 193 -2.009957 1.308997 2.964231
42 193 -2.062131 1.308997 2.912058
41 193 -2.186626 1.308997 2.787562
41 192 -2.156578 1.308997 2.817611
41 192 -2.363736 1.308997 2.610453
40 192 3.103610 2.007129 1.096482
39 192 2.727138 2.007129 0.720009
38 192 2.921069 1.134464 1.786605
37 192 -3.064247 2.007129 1.211810
36 192 -2.266995 1.308997 2.707194
36 192 -1.783276 1.308997 3.092273
36 191 -1.754982 1.308997 3.063979
36 191 -1.671506 1.308997 2.980503
36 190 -1.623360 1.308997 2.932357
36 190 -1.672334 1.308997 2.981331
36 189 -1.730948 1.308997 3.039945
35 189 -1.699475 0.959931 2.659406
35 188 -1.662599 2.181662 2.438925
35 188 -1.666135 2.181662 2.435389
35 187 -1.676419 2.181662 2.425105
35 187 -1.666442 2.181662 2.435081
35 186 -1.656277 2.181662 2.445247
35 186 -1.653638 2.181662 2.447886
35 185 -1.648462 2.181662 2.453061
35 185 -1.631530 2.181662 2.469994
35 185 -1.555824 2.181662 2.545699
