-2.876534
-2.884093
-2.882626
-2.915158
-2.952770
-2.926050
-2.914320
-2.938810
-2.912340
-2.879748
-2.847350
-2.854907
-2.888682
-2.922754
-2.940178
-2.840192
-2.860769
-2.943928
-2.899405
-2.910986
-2.959841
-2.941136
-2.968664
-2.962199
-2.889977
-2.883349
-2.850633
-2.860422
-2.843652
-2.804438
-2.835371
-2.896987
-2.856028
-2.727099
-2.768858
-2.829543
-2.848009
-2.852018
-2.882335
-2.909061
-2.846368
-2.825071
-2.819460
-2.871665
-2.984129
-2.993316
-3.018368
-3.023058
-2.992012
-3.062010
-3.038126
-2.988508
-3.025938
-2.998183
-2.959588
-3.055108
-3.053220
-2.978225
-2.847516
-2.694130
-2.852431
-3.014857
-2.979005
-2.960197
-2.929501
-2.931600
-3.053074
-3.119146
-3.077062
-3.075791
-3.073899
-3.110917
3.125283
-3.094477
-3.017319
-3.054263
-3.031646
-2.983422
-3.031376
-3.027702
-3.040390
-2.990506
-2.831231
-2.762448
-2.880611
-3.039409
-3.029342
-3.057459
-3.105346
-3.071452
-3.044283
-2.996146
-2.983226
-3.068532
-3.122396
-3.028163
-2.961692
-3.070158
3.129468
3.111973
3.092942
3.117397
-3.139439
-3.107247
3.112496
3.083477
-3.076404
-3.063042
3.138077
-3.022017
-2.976408
-3.071103
-3.087372
-3.062226
-2.979060
-2.915380
-2.870023
-2.751375
-2.749080
-2.789362
-2.789458
-2.814698
-2.834908
-2.903015
-2.818049
-2.766027
-2.969513
-3.071031
-2.956541
-2.881948
-3.067644
3.067420
-3.096021
-2.983160
-2.954146
-3.012818
-2.946134
-2.834111
-2.900132
-2.983031
-2.918523
-2.843526
-2.867426
-2.829664
-2.961428
-3.019738
-2.912049
-2.790121
-2.854897
-3.004910
-2.911250
-2.770591
-2.687047
-2.660830
-2.624541
-2.625563
-2.725238
-2.877493
-2.860837
-2.732307
-2.872344
-2.920948
-2.846986
-3.008216
2.971621
2.760966
2.741310
2.738028
2.720357
2.710653
2.699733
2.686865
2.681940
2.682095
2.687411
2.682216
2.680187
2.674163
2.681443
2.682107
2.671854
2.687659
2.680516
2.659067
2.645730
2.646379
2.658788
2.677282
2.686098
2.691837
2.706467
2.695352
2.712569
2.703179
2.642902
2.607979
2.627839
2.647312
2.633079
2.646350
2.634595
2.626300
2.639001
2.626538
2.636275
2.629219
2.632469
2.629229
2.616200
2.636570
2.667595
2.680449
2.677716
2.672564
2.663514
2.635090
2.650119
2.669349
2.635481
2.635052
2.634801
2.641644
2.645297
2.644123
2.653505
2.639080
2.644855
2.695581
2.699405
2.678945
2.635067
2.613801
2.627196
2.659764
2.719938
2.692383
2.650477
2.647263
2.641275
2.665699
2.699476
2.667784
2.680424
2.729135
2.709678
2.701026
2.677521
2.661588
2.669428
2.664004
2.676351
2.669961
2.650605
2.665565
2.679428
2.649792
2.671378
2.707846
2.696957
2.700790
2.705678
2.716668
2.720685
2.661960
2.589050
2.572082
2.600711
2.651266
2.634633
2.666141
2.693950
2.645256
2.664142
2.652034
2.627731
2.663671
2.709743
2.696130
2.652856
2.648767
2.663131
2.611968
2.546816
2.582517
2.612927
2.654830
2.668131
2.684380
2.710051
2.669313
2.621497
2.578066
2.593824
2.696113
2.695388
2.635973
2.727996
2.756443
2.708805
2.649461
2.615333
2.671631
2.621032
2.605127
2.681364
2.715657
2.741280
2.723685
2.690362
2.728945
2.720606
2.666098
2.616977
2.587814
2.638397
2.592982
2.608920
2.668912
2.654829
2.615799
2.571061
2.553432
2.583908
2.640723
2.600638
2.588249
2.637474
2.539748
2.448850
2.477669
2.411596
2.432564
2.501478
2.534250
2.596185
2.561931
