0 0 0 0
0 107.789 0 0
0 215.579 0 0
0 323.368 0 0
0 431.158 0 0
0 538.947 0 0
0 646.737 0 0
0 754.526 0 0
0 862.316 0 0
0 970.105 0 0
107.789 0 0 0
107.789 107.789 0 0
107.789 215.579 0 0
107.789 323.368 0 0
107.789 431.158 0 0
107.789 538.947 0 0
107.789 646.737 0 0
107.789 754.526 0 0
107.789 862.316 0 0
107.789 970.105 0 0
215.579 0 0 0
215.579 107.789 0 0
215.579 215.579 0 0
215.579 323.368 0 0
215.579 431.158 0 0
215.579 538.947 0 0
215.579 646.737 0 0
215.579 754.526 0 0
215.579 862.316 0 0
215.579 970.105 0 0
323.368 0 0 0
323.368 107.789 0 0
323.368 215.579 0 0
323.368 323.368 0 0
323.368 431.158 0 0
323.368 538.947 0 0
323.368 646.737 0 0
323.368 754.526 0 0
323.368 862.316 0 0
323.368 970.105 0 0
431.158 0 0 0
431.158 107.789 0 0
431.158 215.579 0 0
431.158 323.368 0 0
431.158 431.158 0 0
431.158 538.947 0 0
431.158 646.737 0 0
431.158 754.526 0 0
431.158 862.316 0 0
431.158 970.105 0 0
538.947 0 0 0
538.947 107.789 0 0
538.947 215.579 0 0
538.947 323.368 0 0
538.947 431.158 0 0
538.947 538.947 0 0
538.947 646.737 0 0
538.947 754.526 0 0
538.947 862.316 0 0
538.947 970.105 0 0
646.737 0 0 0
646.737 107.789 0 0
646.737 215.579 0 0
646.737 323.368 0 0
646.737 431.158 0 0
646.737 538.947 0 0
646.737 646.737 0 0
646.737 754.526 0 0
646.737 862.316 0 0
646.737 970.105 0 0
754.526 0 0 0
754.526 107.789 0 0
754.526 215.579 0 0
754.526 323.368 0 0
754.526 431.158 0 0
754.526 538.947 0 0
754.526 646.737 0 0
754.526 754.526 0 0
754.526 862.316 0 0
754.526 970.105 0 0
862.316 0 0 0
862.316 107.789 0 0
862.316 215.579 0 0
862.316 323.368 0 0
862.316 431.158 0 0
862.316 538.947 0 0
862.316 646.737 0 0
862.316 754.526 0 0
862.316 862.316 0 0
862.316 970.105 0 0
970.105 0 0 0
970.105 107.789 0 0
970.105 215.579 0 0
970.105 323.368 0 0
970.105 431.158 0 0
970.105 538.947 0 0
970.105 646.737 0 0
970.105 754.526 0 0
970.105 862.316 0 0
970.105 970.105 0 0
1077.89 0 0 0
1077.89 107.789 0 0
1077.89 215.579 0 0
1077.89 323.368 0 0
1077.89 431.158 0 0
1077.89 538.947 0 0
1077.89 646.737 0 0
1077.89 754.526 0 0
1077.89 862.316 0 0
1077.89 970.105 0 0
1185.68 0 0 0
1185.68 107.789 0 0
1185.68 215.579 0 0
1185.68 323.368 0 0
1185.68 431.158 0 0
1185.68 538.947 0 0
1185.68 646.737 0 0
1185.68 754.526 0 0
1185.68 862.316 0 0
1185.68 970.105 0 0
1293.47 0 0 0
1293.47 107.789 0 0
1293.47 215.579 0 0
1293.47 323.368 0 0
1293.47 431.158 0 0
1293.47 538.947 0 0
1293.47 646.737 0 0
1293.47 754.526 0 0
1293.47 862.316 0 0
1293.47 970.105 0 0
1401.26 0 0 0
1401.26 107.789 0 0
1401.26 215.579 0 0
1401.26 323.368 0 0
1401.26 431.158 0 0
1401.26 538.947 0 0
1401.26 646.737 0 0
1401.26 754.526 0 0
1401.26 862.316 0 0
1401.26 970.105 0 0
1509.05 0 0 0
1509.05 107.789 0 0
1509.05 215.579 0 0
1509.05 323.368 0 0
1509.05 431.158 0 0
1509.05 538.947 0 0
1509.05 646.737 0 0
1509.05 754.526 0 0
1509.05 862.316 0 0
1509.05 970.105 0 0
1616.84 0 0 0
1616.84 107.789 0 0
1616.84 215.579 0 0
1616.84 323.368 0 0
1616.84 431.158 0 0
1616.84 538.947 0 0
1616.84 646.737 0 0
1616.84 754.526 0 0
1616.84 862.316 0 0
1616.84 970.105 0 0
1724.63 0 0 0
1724.63 107.789 0 0
1724.63 215.579 0 0
1724.63 323.368 0 0
1724.63 431.158 0 0
1724.63 538.947 0 0
1724.63 646.737 0 0
1724.63 754.526 0 0
1724.63 862.316 0 0
1724.63 970.105 0 0
1832.42 0 0 0
1832.42 107.789 0 0
1832.42 215.579 0 0
1832.42 323.368 0 0
1832.42 431.158 0 0
1832.42 538.947 0 0
1832.42 646.737 0 0
1832.42 754.526 0 0
1832.42 862.316 0 0
1832.42 970.105 0 0
1940.21 0 0 0
1940.21 107.789 0 0
1940.21 215.579 0 0
1940.21 323.368 0 0
1940.21 431.158 0 0
1940.21 538.947 0 0
1940.21 646.737 0 0
1940.21 754.526 0 0
1940.21 862.316 0 0
1940.21 970.105 0 0
2048 0 0 0
2048 107.789 0 0
2048 215.579 0 0
2048 323.368 0 0
2048 431.158 0 0
2048 538.947 0 0
2048 646.737 0 0
2048 754.526 0 0
2048 862.316 0 0
2048 970.105 0 0
